&CHKPOINT
 TIME=  0.0000000000000000     ,
 DT=  1.0000000000000000     ,
 NLEVS=          1,
 /
